HISTORY_NOTE = [monica@mriusers-MBP: Sun Sep 17 21:47:25 2017] {AFNI_17.1.11:macosx_10.7_Intel_64} 3dttest++ -mask ../masks/group_mask+tlrc -prefix words -setA 'stats*+tlrc.HEAD[Words#0_Coef]'~
TYPESTRING = 3DIM_HEAD_FUNC~
IDCODE_STRING = AFN_PDV_VSKBMM4QFFgD3s-35A~
IDCODE_DATE = Sun Sep 17 21:47:25 2017~
SCENE_DATA = 2 11 1 -999 -999 -999 -999 -999 
LABEL_1 = zyxt~
LABEL_2 = zyxt~
DATASET_NAME = zyxt~
ORIENT_SPECIFIC = 1 2 4 
ORIGIN = 90 126 -72 
DELTA = -3 -3 3 
IJK_TO_DICOM = -3 0 0 90 0 -3 0 126 0 0 3 -72 
IJK_TO_DICOM_REAL = -3 0 0 90 0 -3 0 126 0 0 3 -72 
BRICK_STATS = -0.248389 0.225726 -9.351179 8.191493 
DATASET_RANK = 3 2 0 0 0 0 0 0 
DATASET_DIMENSIONS = 61 73 61 0 0 
BRICK_TYPES = 3 3 
BRICK_FLOAT_FACS = 0 0 
BRICK_LABS = SetA_mean~SetA_Tstat~
BRICK_STATAUX = 1 3 1 16 
BRICK_STATSYM = none;Ttest(16)~
FDRCURVE_000001 = 0.000129 0.092062 0.443462 0.472502 0.506242 0.539848 0.577305 0.616368 0.659138 0.700843 0.744295 0.791323 0.839838 0.888438 0.939331 0.989339 1.040367 1.092791 1.146421 1.20042 1.254131 1.308733 1.362172 1.41752 1.470654 1.524289 1.577432 1.633076 1.686124 1.737868 1.791292 1.842088 1.892841 1.943333 1.991563 2.041249 2.089485 2.136528 2.181833 2.226235 2.270943 2.313704 2.355185 2.396872 2.437348 2.47631 2.514298 2.547712 2.580618 2.609116 2.646286 2.675714 2.706881 2.735897 2.763161 2.78445 2.811696 2.830003 2.851635 2.876096 2.899488 2.919909 2.942753 2.959107 2.974747 2.989804 2.997524 3.014758 3.014771 3.024873 3.036207 3.036207 3.03701 3.055237 3.065696 3.070787 3.082001 3.090105 3.10342 3.105447 3.105447 3.105447 3.105447 3.105447 3.105447 3.106586 3.10774 3.110595 3.113038 3.113038 3.113038 3.11365 3.113867 3.134915 3.159632 3.18435 3.209066 3.233783 3.258501 3.269092 3.279443 3.281517 3.281517 
MDFCURVE_000001 = -6.123312 0.200753 0.999066 0.998484 0.997668 0.996029 0.994475 0.992022 0.987634 0.981551 0.973525 0.963736 0.951574 0.935694 0.914703 0.889466 0.861413 0.824368 0.783225 0.736574 0.683813 0.622429 0.551571 0.473139 0.3865 0.293849 0.201926 0.109237 0.03316 0 
TEMPLATE_SPACE = MNI~
INT_CMAP = 0 
BYTEORDER_STRING = LSB_FIRST~
BRICK_KEYWORDS = (null)
